DIMENSIONS 924 357
BG_COLOR 0.420133 0.936368 0.213446
LIGHT_DIR -0.352874 0.833581 -0.424997
CAMERA_POSITION -1.50163 9.0046 1.75123
CAMERA_RIGHT 0.870639 0 0.491922
CAMERA_UP 0.394422 0.597595 -0.698077
CAMERA_FORWARD 0.29397 -0.801798 -0.520289
CAMERA_FOV_X 2.51864 1.75217
NEW_PRIMITIVE
PLANE -0.195467 0.97656 -0.0901337
POSITION -0.367255 -1.85306 -0.653069
COLOR 0.662314 0.27057 0.26134
NEW_PRIMITIVE
BOX 1.98372 1.11847 1.6532
POSITION 0.487419 2.87492 -4.76871
ROTATION 0.158734 0.779867 -0.499021 -0.342911
COLOR 0.898482 0.163194 0.801968
NEW_PRIMITIVE
ELLIPSOID 0.772148 1.17708 1.24427
POSITION 4.134 2.84002 -0.766051
ROTATION 0.912176 0.293667 0.272376 0.0866405
COLOR 0.836108 0.104038 0.378907
NEW_PRIMITIVE
ELLIPSOID 1.79214 0.588126 0.996035
POSITION -0.0462499 0.862833 -0.63293
ROTATION -0.257799 0.0701087 -0.0878871 0.959635
COLOR 0.183205 0.147325 0.369682
NEW_PRIMITIVE
BOX 1.23255 1.95571 0.761896
POSITION -3.46798 2.40122 4.21536
ROTATION -0.707314 -0.31491 -0.564913 0.285329
COLOR 0.00237438 0.207257 0.274383
NEW_PRIMITIVE
BOX 1.98451 1.5332 1.81771
POSITION -2.57663 3.98261 -0.540193
ROTATION -0.386021 -0.239698 -0.890469 0.0244659
COLOR 0.362384 0.227795 0.584178
NEW_PRIMITIVE
ELLIPSOID 0.593768 0.996245 1.85553
POSITION -4.92143 3.46211 2.3888
ROTATION 0.420789 0.478773 0.471231 -0.609635
COLOR 0.478336 0.456971 0.15156
NEW_PRIMITIVE
ELLIPSOID 1.34965 1.7064 1.87625
POSITION -0.977224 1.14041 0.771883
ROTATION -0.395524 -0.804075 -0.373372 0.240037
COLOR 0.380085 0.767205 0.534995
NEW_PRIMITIVE
BOX 1.38323 1.63477 1.85962
POSITION -2.76971 1.08747 3.72537
ROTATION -0.440739 -0.102743 0.581039 0.676452
COLOR 0.218246 0.117772 0.742849
NEW_PRIMITIVE
BOX 1.5192 1.33177 0.80491
POSITION -2.32201 2.12501 0.538826
ROTATION 0.700278 -0.20953 -0.520529 0.441314
COLOR 0.700766 0.606751 0.368494
NEW_PRIMITIVE
ELLIPSOID 0.861566 0.660256 1.12666
POSITION 0.993715 4.52448 1.27609
ROTATION -0.267912 0.710015 -0.61849 -0.203892
COLOR 0.732718 0.0657569 0.588036
